V3300000515;박홍식;01091601884;8406051006114;1;;;03;충남서산바5160;;0;0;11;;;8406051006114;;;;;1;;20221221;;;;M2022G87012000000;20221231;;5802;003;;;
V3300000562;서준형;01076116138;8505071124619;1;;;03;부산동래차6482;;0;0;11;;;8505071124619;;;;;1;;20221221;;;;M2022G87012000000;20221231;;5802;003;;;
V3300000568;안성민;01098762286;8312031121511;1;;;03;부산동래차5491;;0;0;11;;;8312031121511;;;;;1;;20221221;;;;M2022G87012000000;20221231;;5802;003;;;
V3300000594;두태성;01022122283;9212091727711;1;;;03;경북구미라9562;;0;0;11;;;9212091727711;;;;;1;;20221221;;;;M2022G87012000000;20221231;;5802;003;;;
V3300000596;김현철;01067206556;7604271696719;1;;;03;대구서파0779;;0;0;11;;;7604271696719;;;;;1;;20221221;;;;M2022G87012000000;20221231;;5802;003;;;
V3300000604;김수완;01051932388;9807071380613;1;;;03;부산부산진타9593;;0;0;11;;;9807071380613;;;;;1;;20221221;;;;M2022G87012000000;20221231;;5802;003;;;
V3300000618;임선택;01085182269;8401171122919;1;;;03;경남김해사5140;;0;0;11;;;8401171122919;;;;;1;;20221221;;;;M2022G87012000000;20221231;;5802;003;;;
V3300000622;여준석;01076054229;6511191696631;1;;;03;대구북파0519;;0;0;11;;;6511191696631;;;;;1;;20221221;;;;M2022G87012000000;20221231;;5802;003;;;
V3300000634;황윤성;01040287832;9406051407918;1;;;03;대전유성마8116;;0;0;11;;;9406051407918;;;;;1;;20221221;;;;M2022G87012000000;20221231;;5802;003;;;
V3300000640;신원준;01085015867;9510291671311;1;;;03;대구중타1745;;0;0;11;;;9510291671311;;;;;1;;20221221;;;;M2022G87012000000;20221231;;5802;003;;;
V3300000649;박승우;01084308090;8309201912040;1;;;03;경남거제라7453;;0;0;11;;;8309201912040;;;;;1;;20221221;;;;M2022G87012000000;20221231;;5802;003;;;
V3300000653;최혁진;01084866859;9211161692821;1;;;03;대구동아6292;;0;0;11;;;9211161692821;;;;;1;;20221221;;;;M2022G87012000000;20221231;;5802;003;;;
V3300000655;최두환;01055934753;9001151907018;1;;;03;경남김해사3840;;0;0;11;;;9001151907018;;;;;1;;20221221;;;;M2022G87012000000;20221231;;5802;003;;;
V3300000671;남승훈;01065537553;8504231821512;1;;;03;경남김해사4569;;0;0;11;;;8504231821512;;;;;1;;20221221;;;;M2022G87012000000;20221231;;5802;003;;;
V3300000675;박성완;01057884477;9103131123214;1;;;03;부산사하아3962;;0;0;11;;;9103131123214;;;;;1;;20221221;;;;M2022G87012000000;20221231;;5802;003;;;
V3300000687;이영미;01097865150;8304082155019;1;;;03;경북경주자4658;;0;0;11;;;8304082155019;;;;;1;;20221221;;;;M2022G87012000000;20221231;;5802;003;;;
V3300000688;이승헌;01094837016;8612011951814;1;;;03;제주제주가8496;;0;0;11;;;8612011951814;;;;;1;;20221221;;;;M2022G87012000000;20221231;;5802;003;;;
V3300000691;장현덕;01095066144;9506071698116;1;;;03;경남김해사4159;;0;0;11;;;9506071698116;;;;;1;;20221221;;;;M2022G87012000000;20221231;;5802;003;;;
V3300000693;김기윤;01046644546;9104301350625;1;;;03;충북진천나3375;;0;0;11;;;9104301350625;;;;;1;;20221221;;;;M2022G87012000000;20221231;;5802;003;;;
V3300000695;신승철;01092112644;8410181024937;1;;;03;경기의정부사7575;;0;0;11;;;8410181024937;;;;;1;;20221221;;;;M2022G87012000000;20221231;;5802;003;;;
V3300000696;김시흥;01074869142;8404111344117;1;;;03;강원강릉사5367;;0;0;11;;;8404111344117;;;;;1;;20221221;;;;M2022G87012000000;20221231;;5802;003;;;
V3300001078;박지홍;01083434232;8309261918420;1;;;03;경남김해사7296;;0;0;11;;;8309261918420;;;;;1;;20221221;;;;M2022G87012000000;20221231;;5802;003;;;
