B100003158;정영일;01038458112;8001091830610;1;;;03;서울동대문가5892;;0;1;101;;;8001091830610;;;;;1;;20220722;;;;M2022609625700000;20220831;;5802;00;undefined;
B100003159;최태현;01030306888;7902111070114;1;;;03;서울관악하9654;;0;1;101;;;7902111070114;;;;;1;;20220722;;;;M2022609625700000;20220831;;5802;00;undefined;
B100003083;정다운;01041555807;9012271111311;1;;;03;부산부산진타6079;;0;1;101;;;9012271111311;;;;;1;;20220722;;;;M2022609625700000;20220831;;5802;00;undefined;
B100003132;홍승범;01094035025;7011141167825;1;;;03;서울성동사4029;;0;1;101;;;7011141167825;;;;;1;;20220722;;;;M2022609625700000;20220831;;5802;00;undefined;
B100003160;장승민;01024702254;9104251170120;1;;;03;경기성남마0864;;0;1;101;;;9104251170120;;;;;1;;20220722;;;;M2022609625700000;20220831;;5802;00;undefined;
B100003161;김티니형;01046854053;8712291048021;1;;;03;인천미추홀파9353;;0;1;101;;;8712291048021;;;;;1;;20220722;;;;M2022609625700000;20220831;;5802;00;undefined;
B100003105;김선우;01049328783;9701151096019;1;;;03;서울성남바0346;;0;1;101;;;9701151096019;;;;;1;;20220722;;;;M2022609625700000;20220831;;5802;00;undefined;
B100003162;심민섭;01057287266;9403011154718;1;;;03;대구서하6476;;0;1;101;;;9403011154718;;;;;1;;20220722;;;;M2022609625700000;20220831;;5802;00;undefined;
B100003123;JINCHEN;01063539656;8909075101196;1;;;03;서울관악하9665;;0;1;101;;;8909075101196;;;;;1;;20220722;;;;M2022609625700000;20220831;;5802;00;undefined;
B100003163;김이준;01062150677;8502241124910;1;;;03;경기성남카9781;;0;1;101;;;8502241124910;;;;;1;;20220722;;;;M2022609625700000;20220831;;5802;00;undefined;
B100003164;한성종;01099783420;6811121058211;1;;;03;서울동대하5394;;0;1;101;;;6811121058211;;;;;1;;20220722;;;;M2022609625700000;20220831;;5802;00;undefined;
B100003165;손민성;01053195454;7701081117813;1;;;03;부사남차3497;;0;1;101;;;7701081117813;;;;;1;;20220722;;;;M2022609625700000;20220831;;5802;00;undefined;
B100003166;PIAOYONGLIANG;01063796780;8508105180797;1;;;03;서울은평타4870;;0;1;101;;;8508105180797;;;;;1;;20220722;;;;M2022609625700000;20220831;;5802;00;undefined;
B100000416;김한석;01037720888;8610251058619;1;;;03;경기부천다2623;;0;1;101;;;8610251058619;;;;;1;;20220722;;;;M2022609625700000;20220831;;5802;00;undefined;
B100003167;민정기;01094000278;8611271403814;1;;;03;서울양천차6473;;0;1;101;;;8611271403814;;;;;1;;20220722;;;;M2022609625700000;20220831;;5802;00;undefined;
B100001878;왕희동;01038595984;9004021109318;1;;;03;부산부산진파0970;;0;1;101;;;9004021109318;;;;;1;;20220722;;;;M2022609625700000;20220831;;5802;00;undefined;
B100003168;문상현;01053575228;7203261018410;1;;;03;서울서초차4295;;0;1;101;;;7203261018410;;;;;1;;20220722;;;;M2022609625700000;20220831;;5802;00;undefined;
B100003169;소의수;01098907719;9212091404013;1;;;03;서울동대문가5869;;0;1;101;;;9212091404013;;;;;1;;20220722;;;;M2022609625700000;20220831;;5802;00;undefined;
B100000049;양상우;01048149371;9009081109413;1;;;03;부산부산진파0971;;0;1;101;;;9009081109413;;;;;1;;20220722;;;;M2022609625700000;20220831;;5802;00;undefined;
B100003170;천현진;01095906974;8201271026019;1;;;03;경기안양사9040;;0;1;101;;;8201271026019;;;;;1;;20220722;;;;M2022609625700000;20220831;;5802;00;undefined;
B100003073;박수민;01063935523;9301111017113;1;;;03;인천남동파9104;;0;1;101;;;9301111017113;;;;;1;;20220722;;;;M2022609625700000;20220831;;5802;00;undefined;
B100003104;어선현;01079132984;9108211113413;1;;;03;서울성북하0954;;0;1;101;;;9108211113413;;;;;1;;20220722;;;;M2022609625700000;20220831;;5802;00;undefined;
B100003171;장점도;01026455986;7207251836318;1;;;03;서울구로카6724;;0;1;101;;;7207251836318;;;;;1;;20220722;;;;M2022609625700000;20220831;;5802;00;undefined;
B100003172;박영근;01071483336;8112091268910;1;;;03;대전유성사7931;;0;1;101;;;8112091268910;;;;;1;;20220722;;;;M2022609625700000;20220831;;5802;00;undefined;
B100003173;임호식;01072090229;8402291463014;1;;;03;춤남천안파2293;;0;1;101;;;8402291463014;;;;;1;;20220722;;;;M2022609625700000;20220831;;5802;00;undefined;
B100003118;황성훈;01047558886;8405181235019;1;;;03;경기부천다0201;;0;1;101;;;8405181235019;;;;;1;;20220722;;;;M2022609625700000;20220831;;5802;00;undefined;
B100003174;박병훈;01076885791;8104171800317;1;;;03;서울강남나8715;;0;1;101;;;8104171800317;;;;;1;;20220722;;;;M2022609625700000;20220831;;5802;00;undefined;
B100003175;문제욱;01095941713;8411091114519;1;;;03;서울서초차6913;;0;1;101;;;8411091114519;;;;;1;;20220722;;;;M2022609625700000;20220831;;5802;00;undefined;
B100003176;박정환;01072274051;8808181001316;1;;;03;서울종로아6324;;0;1;101;;;8808181001316;;;;;1;;20220722;;;;M2022609625700000;20220831;;5802;00;undefined;
B100003177;차경문;01062999235;7212271358316;1;;;03;서울구로타1864;;0;1;101;;;7212271358316;;;;;1;;20220722;;;;M2022609625700000;20220831;;5802;00;undefined;
B100003178;정운수;01077259440;7508281538614;1;;;03;서울관악하8067;;0;1;101;;;7508281538614;;;;;1;;20220722;;;;M2022609625700000;20220831;;5802;00;undefined;
B100003179;이산회;01075568050;9709301030421;1;;;03;경기고양파0427;;0;1;101;;;9709301030421;;;;;1;;20220722;;;;M2022609625700000;20220831;;5802;00;undefined;
B100003180;김정호;01032356221;7204251063736;1;;;03;서울강서카5428;;0;1;101;;;7204251063736;;;;;1;;20220722;;;;M2022609625700000;20220831;;5802;00;undefined;
B100003024;이호빈;01040169741;9207271052710;1;;;03;광주서다7534;;0;1;101;;;9207271052710;;;;;1;;20220722;;;;M2022609625700000;20220831;;5802;00;undefined;
B100003181;송재우;01049680012;8109031482318;1;;;03;서울은평카8635;;0;1;101;;;8109031482318;;;;;1;;20220722;;;;M2022609625700000;20220831;;5802;00;undefined;
B100003182;임철;01085958590;8402281031111;1;;;03;서울동대문가5914;;0;1;101;;;8402281031111;;;;;1;;20220722;;;;M2022609625700000;20220831;;5802;00;undefined;
B100003183;오정수;01085257261;9507281063711;1;;;03;인천계양아3782;;0;1;101;;;9507281063711;;;;;1;;20220722;;;;M2022609625700000;20220831;;5802;00;undefined;
B100003184;이성진;01051757537;8102111223520;1;;;03;경기용인파6969;;0;1;101;;;8102111223520;;;;;1;;20220722;;;;M2022609625700000;20220831;;5802;00;undefined;
B100003185;박영덕;01067372526;7202101228612;1;;;03;경기화성나6653;;0;1;101;;;7202101228612;;;;;1;;20220722;;;;M2022609625700000;20220831;;5802;00;undefined;
B100003027;한솔;01086193576;9207301075327;1;;;03;서울노원차4721;;0;1;101;;;9207301075327;;;;;1;;20220722;;;;M2022609625700000;20220831;;5802;00;undefined;
B100003186;윤성영;01076560473;8502061466312;1;;;03;경기평택타3952;;0;1;101;;;8502061466312;;;;;1;;20220722;;;;M2022609625700000;20220831;;5802;00;undefined;
B100003187;김복규;01076338989;6711251167811;1;;;03;경기성남타7331;;0;1;101;;;6711251167811;;;;;1;;20220722;;;;M2022609625700000;20220831;;5802;00;undefined;
B100003188;오재훈;01030478524;8902151055619;1;;;03;경기남양주바6511;;0;1;101;;;8902151055619;;;;;1;;20220722;;;;M2022609625700000;20220831;;5802;00;undefined;
B100003189;김동현;01045308779;8706171703012;1;;;03;서울성동하6786;;0;1;101;;;8706171703012;;;;;1;;20220722;;;;M2022609625700000;20220831;;5802;00;undefined;
B100003190;송종래;01037950686;7006191541218;1;;;03;서울중차6752;;0;1;101;;;7006191541218;;;;;1;;20220722;;;;M2022609625700000;20220831;;5802;00;undefined;
B100003191;이영진;01098751249;8409081279616;1;;;03;인천중라3661;;0;1;101;;;8409081279616;;;;;1;;20220722;;;;M2022609625700000;20220831;;5802;00;undefined;
B100003192;우재상;01083306225;8806271052710;1;;;03;서울동작차4133;;0;1;101;;;8806271052710;;;;;1;;20220722;;;;M2022609625700000;20220831;;5802;00;undefined;
B100003193;박기환;01039283263;9607081068923;1;;;03;서울노원차4226;;0;1;101;;;9607081068923;;;;;1;;20220722;;;;M2022609625700000;20220831;;5802;00;undefined;
B100003194;이재학;01034733800;8407261080915;1;;;03;서울강동차9000;;0;1;101;;;8407261080915;;;;;1;;20220722;;;;M2022609625700000;20220831;;5802;00;undefined;
B100003195;고지수;01056030444;8202251080722;1;;;03;경기김포하1760;;0;1;101;;;8202251080722;;;;;1;;20220722;;;;M2022609625700000;20220831;;5802;00;undefined;
B100003196;김희연;01077779711;8307271182528;1;;;03;인천계양아4575;;0;1;101;;;8307271182528;;;;;1;;20220722;;;;M2022609625700000;20220831;;5802;00;undefined;
B100003197;백경태;01030780783;8912311126614;1;;;03;부산동래차3239;;0;1;101;;;8912311126614;;;;;1;;20220722;;;;M2022609625700000;20220831;;5802;00;undefined;
B100003198;윤창주;01026165351;9305271560329;1;;;03;경기의정부사6359;;0;1;101;;;9305271560329;;;;;1;;20220722;;;;M2022609625700000;20220831;;5802;00;undefined;
