V3300000002;이정훈;01063000205;9502051081421;1;;b3cC2W5kQtTOlmJL5hZMZSPuNfeJDjeEe6SnKU3r1mg=;03;서울강서차4564;;0;0;11;;;9502051081421;1;20220418092101;;03;1;서울강서차4564;20220824;;;;M2022609625700000;20220830;;5802;003;;
V3300000003;박성호;01072232785;7206301030919;1;;7w4J/4Zx5SvCdH/mgt30TipTeGPip4rrmQkPApAvTl4=;03;서울강남차1245;;0;0;11;;;7206301030919;1;20220418092954;;03;1;서울강남차1245;20220824;;;;M2022609625700000;20220830;;5802;003;;
V3300000004;오성준;01087204162;6603271069017;1;;L+GIzDLWeSgTYQZGheWaz3w1QS6aKJ1HN0CDRyebNv8=;03;서울강서나1235;;0;0;11;;;6603271069017;1;20220418133859;;03;1;서울강서나1235;20220824;;;;M2022609625700000;20220830;;5802;003;;
V3300000005;김호중;01054428389;7711211079521;1;;iqsWkm/kQbz8BFY2czgsje1Gq0PMaQzTrONWn1IUWTw=;03;경기안산나1234;;0;0;11;;;7711211079521;1;20220418155000;;03;1;경기안산나1234;20220824;;;;M2022609625700000;20220830;;5802;003;;
V3300000007;강필선;01095068201;8810061177528;1;;//P490SXVhlupGh50QuIAc0+14H76QDzfZyP/YsDfMI=;03;서울강동나1234;;0;0;11;;;8810061177528;1;20220418174146;;03;1;서울강동나1234;20220824;;;;M2022609625700000;20220830;;5802;003;;
V3300000009;손준;01089076687;8811111455519;1;;mGG0Umsn3pfC+MQjeKzGlLBkglYM1cjdGEzZ2XHdmmc=;03;경남김해사3072;;0;0;11;;;8811111455519;1;20220418201658;;03;1;경남김해사3072;20220824;;;;M2022609625700000;20220830;;5802;003;;
V3300000010;임동현;01035260651;8203281117329;1;;aGJOuZs7hfI26ZVcLZdSC0xlfRPztY4I5kd+JBYhPFo=;03;부산해운대자3285;;0;0;11;;;8203281117329;1;20220418201740;;03;1;부산해운대자3285;20220824;;;;M2022609625700000;20220830;;5802;003;;
V3300000011;김희덕;01085898788;7602271840514;1;;Qw2vvqSkfj4DLvZGIbxz081tWuuKnBzOzDHHJ8LNfGU=;03;경남창원자8186;;0;0;11;;;7602271840514;1;20220418201912;;03;1;경남창원자8186;20220824;;;;M2022609625700000;20220830;;5802;003;;
V3300000012;손성배;01093986119;8802181906412;1;;jWmXexPHHIbnQjT8tkYNzsN3cCs2XrunWuVqJKV57DM=;03;경남김해사4017;;0;0;11;;;8802181906412;1;20220418202037;;03;1;경남김해사4017;20220824;;;;M2022609625700000;20220830;;5802;003;;
V3300000014;서인균;01052015995;7906171852815;1;;SR/3xBqAP9CZtNCiN72MA7BSAQzUNBkz/4/OQaHKx9M=;03;부산해운대자6526;;0;0;11;;;7906171852815;1;20220418203004;;03;1;부산해운대자6526;20220824;;;;M2022609625700000;20220830;;5802;003;;
V3300000015;이선중;01067922354;8002051702721;1;;vMfrlyFiHzS5Mnh1x0Whq1LRGySBEzchSIyiruOQGlY=;03;전남목포마9591;;0;0;11;;;8002051702721;1;20220418203021;;03;1;전남목포마9591;20220824;;;;M2022609625700000;20220830;;5802;003;;
V3300000016;정성훈;01029787132;9505031249622;1;;xv7gmuDrBHph+Mk7EmhGvv/RFPdtyeGy13WAdSJWQoE=;03;경기화성나6636;;0;0;11;;;9505031249622;1;20220418203239;;03;1;경기화성나6636;20220824;;;;M2022609625700000;20220830;;5802;003;;
V3300000017;김수민;01096952711;8001031932711;1;;P6XaJq6tvT9W4s2XclKcOICYKbsGUznc9rvEQja38CY=;03;경남창원자7877;;0;0;11;;;8001031932711;1;20220418204551;;03;1;경남창원자7877;20220824;;;;M2022609625700000;20220830;;5802;003;;
V3300000018;김지현;01088348444;9507161677514;1;;ttC0vOWzTcXUQbrYV7Yqyzhbted9rhrIu8Wo6lHZYuQ=;03;경북경산아6888;;0;0;11;;;9507161677514;1;20220418204843;;03;1;경북경산아6888;20220824;;;;M2022609625700000;20220830;;5802;003;;
V3300000020;정승우;01050182474;9512011236417;1;;dsXLD9YMskP4xWlwp6j/ugxkqOha3GsZli+s+N5l59Q=;03;경북포항가0319;;0;0;11;;;9512011236417;1;20220418210516;;03;1;경북포항가0319;20220824;;;;M2022609625700000;20220830;;5802;003;;
V3300000021;이승규;01094445889;8709301800012;1;;4U3+xUj1EJUYY1hyliy+Q0ZMZROuuR+wYz+4O7l8H88=;03;경북구미사9496;;0;0;11;;;8709301800012;1;20220418221415;;03;1;경북구미사9496;20220824;;;;M2022609625700000;20220830;;5802;003;;
V3300000022;전수환;01068150623;8002271682827;1;;svOo5/KzyfUUeCTg4xuDsm3VL/w88BJ0EOpydObPsF0=;03;대구동차0302;;0;0;11;;;8002271682827;1;20220419000008;;03;1;대구동차0302;20220824;;;;M2022609625700000;20220830;;5802;003;;
V3300000023;정병주;01076668833;7908201683124;1;;ZoWJmYFzL5EDVDmVhICfetTq8KT2id5hid1owTahBqA=;03;경북경산카3971;;0;0;11;;;7908201683124;1;20220419013529;;03;1;경북경산카3971;20220824;;;;M2022609625700000;20220830;;5802;003;;
V3300000025;장무화;01036963588;7301271852429;1;;u9BOFHV+/f4f271yS3icIOftTR+b4pM4Cl0wkfDeqME=;03;경북경산차0887;;0;0;11;;;7301271852429;1;20220419074107;;03;1;경북경산차0887;20220824;;;;M2022609625700000;20220830;;5802;003;;
V3300000027;김도하;01046978181;6609031767719;1;;tqx05zwIjBk+fwGjB8Ms4JDGqtd5Uu8FPDIrbREIboo=;03;경북경산카0263;;0;0;11;;;6609031767719;1;20220419094004;;03;1;경북경산카0263;20220824;;;;M2022609625700000;20220830;;5802;003;;
V3300000028;표세광;01079300217;9302071865512;1;;yUkzsCoNjLwrKZaWC7/y0dgb089lgzN50CmlC5M3tbU=;03;울산울주다9402;;0;0;11;;;9302071865512;1;20220419114316;;03;1;울산울주다9402;20220824;;;;M2022609625700000;20220830;;5802;003;;
V3300000033;최규형;01087786483;8805101865911;1;;zDuNQLfZYFs/PbfK3S0vZrPgObX8nR3eO0ahTWeLVAg=;03;경남김해바1571;;0;0;11;;;8805101865911;1;20220419130230;;03;1;경남김해바1571;20220824;;;;M2022609625700000;20220830;;5802;003;;
V3300000034;유영재;01041774009;8401121682610;1;;ecYn2QFzKvjWyQ1p3D9bbKMea8Tc7JDbMk5GnxXS6tE=;03;경북경산가1005;;0;0;11;;;8401121682610;1;20220419131149;;03;1;경북경산가1005;20220824;;;;M2022609625700000;20220830;;5802;003;;
V3300000035;권민호;01023854071;7605151012012;1;;SODaJKNjgoc9rdOlIGmnkOC+IBRKBTfR7t31RRwWDCA=;03;경남김해사4819;;0;0;11;;;7605151012012;1;20220419131948;;03;1;경남김해사4819;20220824;;;;M2022609625700000;20220830;;5802;003;;
V3300000036;손호정;01094750183;9111191183226;1;;Fh/e6EFy4MdwmkoVRtIg4Abz2OzMD3plx8XQsGdhl5Y=;03;경기시흥마2891;;0;0;11;;;9111191183226;1;20220419132401;;03;1;경기시흥마2891;20220824;;;;M2022609625700000;20220830;;5802;003;;
V3300000038;김건태;01043697733;7912081566511;1;;vbUmNV3rC83PZwiI0MrgCfxQaQB7yLlrHYgGE42vMPs=;03;서울강동차9434;;0;0;11;;;7912081566511;1;20220419135834;;03;1;서울강동차9434;20220824;;;;M2022609625700000;20220830;;5802;003;;
V3300000039;박기정;01057728189;8901141663219;1;;TgLyzAuzEoDxH/hfg6vVqH9MAc4ywftO0fUcthI5pDA=;03;경남양산라6730;;0;0;11;;;8901141663219;1;20220419140558;;03;1;경남양산라6730;20220824;;;;M2022609625700000;20220830;;5802;003;;
V3300000040;조해덕;01029551849;9001211221413;1;;tBXvAGvZ/g644QgEwg4jt2fnb82kgSw5wo3QuGrxJh0=;03;경기포천마8566;;0;0;11;;;9001211221413;1;20220419144709;;03;1;경기포천마8566;20220824;;;;M2022609625700000;20220830;;5802;003;;
V3300000041;김백순;01027547680;7701251547813;1;;+2YIws95zifazYBM/GSl6dn9TcVL+PAs4JqtpBPkJpY=;03;전북익산파1430;;0;0;11;;;7701251547813;1;20220419151330;;03;1;전북익산파1430;20220824;;;;M2022609625700000;20220830;;5802;003;;
V3300000042;김철무;01059539882;8901251783717;1;;/Y+vs9MXyInnAUs0691GtLBLyHxwZ6bdzntYQdA6rQQ=;03;경북포항카1123;;0;0;11;;;8901251783717;1;20220419165408;;03;1;경북포항카1123;20220824;;;;M2022609625700000;20220830;;5802;003;;
V3300000043;최슬기;01058806300;9011281565615;1;;pTMep/gcxxe1uuo07CDKfpZSuJ7fnwDDf2NRDjPj5U4=;03;전남목포마9601;;0;0;11;;;9011281565615;1;20220419172756;;03;1;전남목포마9601;20220824;;;;M2022609625700000;20220830;;5802;003;;
V3300000045;선진영;01063034086;8509231783811;1;;CsqkkGl/LfBuD8EZ5S/QJPLqu9k2QPnYqZqApkL6hko=;03;경북포항나0997;;0;0;11;;;8509231783811;1;20220419174620;;03;1;경북포항나0997;20220824;;;;M2022609625700000;20220830;;5802;003;;
V3300000046;신재강;01097001140;8910121177525;1;;ljx+GIG0uwLQq56dwfW1twoWFleyiLXvMUTK0ssDgpY=;03;경기안양사6942;;0;0;11;;;8910121177525;1;20220419180747;;03;1;경기안양사6942;20220824;;;;M2022609625700000;20220830;;5802;003;;
V3300000047;박정진;01047653218;8406021703211;1;;LVd0InHK/wb3o4Qa+wqs2iP2Y1phYcPtxk8fsdBYaBw=;03;경북포항카0751;;0;0;11;;;8406021703211;1;20220419190312;;03;1;경북포항카0751;20220824;;;;M2022609625700000;20220830;;5802;003;;
V3300000049;전건우;01088518974;8901031709724;1;;ZSBPvMaf1hGkzHFLCWOeuWvd6Htm7swYt8wSRl5Tkoo=;03;경북포항하8123;;0;0;11;;;8901031709724;1;20220419213411;;03;1;경북포항하8123;20220824;;;;M2022609625700000;20220830;;5802;003;;
V3300000051;찬천위;01022247430;9106181935354;1;;cRy25ShubVpR4mnrQpQ/nZMv2Jz7FaKMaDQ5A48WjRw=;03;대구동자0408;;0;0;11;;;9106181935354;1;20220420094146;;03;1;대구동자0408;20220824;;;;M2022609625700000;20220830;;5802;003;;
V3300000052;서준석;01027579567;9503021069732;1;;v9BEFuXR50MWtzhLlRtM+RJvsW+TUtj16kmJ0HPY740=;03;12가4567;;0;0;11;;;9503021069732;1;20220420104139;;03;1;12가4567;20220824;;;;M2022609625700000;20220830;;5802;003;;
V3300000053;이광석;01029794838;7408061161810;1;;CQQEsHAjrvxYbIsHr46dWdcg24wTi+AsIle7YD3Eq7U=;03;제주제주차7357;;0;0;11;;;7408061161810;1;20220420112210;;03;1;제주제주7357;20220824;;;;M2022609625700000;20220830;;5802;003;;
V3300000054;손종현;01076351137;9210151125421;1;;lqi2Q1S+LDKHMp+qqcOzlnRA+vbF+Z/Vdf0WUbjzUmY=;03;부산동래자9475;;0;0;11;;;9210151125421;1;20220420120114;;03;1;부산동래자9475;20220824;;;;M2022609625700000;20220830;;5802;003;;
V3300000055;여성제;01052694697;9502231678315;1;;Sbqm4dRghP4BLZBYytUaji8mFA2t2H038ScJg7zXbNA=;03;경북경산차0906;;0;0;11;;;9502231678315;1;20220420120803;;03;1;경북경산차0906;20220824;;;;M2022609625700000;20220830;;5802;003;;
V3300000057;권태현;01051120371;9412131095410;1;;7Vh+30qSv7rYwEXn5p98cnq7UAW2KaSfmtlsznAs3f8=;03;대구수성사9953;;0;0;11;;;9412131095410;1;20220420150328;;03;1;대구수성사9953;20220824;;;;M2022609625700000;20220830;;5802;003;;
V3300000058;김건후;01088405683;8212291790719;1;;EGP8/Qc6bYQuUGyYDQ5S1OElvwnATCOAQEVWbCBZ92I=;03;경북경산아0107;;0;0;11;;;8212291790719;1;20220420151051;;03;1;경북경산아0107;20220824;;;;M2022609625700000;20220830;;5802;003;;
V3300000059;이용원;01077489378;8306251468421;1;;6VUhoeH4BSZMGISKj9lOTw6lVpmeBT+0nYtFPmSeAEM=;03;부산부산진파0108;;0;0;11;;;8306251468421;1;20220420155201;;03;1;부산부산진파0108;20220824;;;;M2022609625700000;20220830;;5802;003;;
V3300000060;박건우;01082481116;9210151748618;1;;8QWWsgR9bfCkbdxp6/fwLaD9KfSyUSEpph9264r73k0=;03;대구수성자6845;;0;0;11;;;9210151748618;1;20220420155649;;03;1;대구수성자6845;20220824;;;;M2022609625700000;20220830;;5802;003;;
V3300000061;김용철;01028966618;6906101803129;1;;yzJ7FmYkRQeH2D6I0BDxky1s7BvTvJZ3wbjHCm5Zk0Q=;03;대구수성아6982;;0;0;11;;;6906101803129;1;20220420155757;;03;1;대구수성아6982;20220824;;;;M2022609625700000;20220830;;5802;003;;
V3300000062;박진수;01082666131;8805191100916;1;;N5e0APqFOj7INkMaQR/8Xd7A1IWh4jJfHDNasow5p/0=;03;경남김해사2793;;0;0;11;;;8805191100916;1;20220420155909;;03;1;경남김해사2793;20220824;;;;M2022609625700000;20220830;;5802;003;;
V3300000063;신현서;01023800552;9508041241117;1;;R3bmmvCj3/d7KoODYbxa69ThESPAzT5LlZ5i9m7cG8Y=;03;경기양주다7532;;0;0;11;;;9508041241117;1;20220420160401;;03;1;경기양주다7532;20220824;;;;M2022609625700000;20220830;;5802;003;;
V3300000064;김경유;01083849366;8602121360314;1;;VoDfIv8SqyN2CKa2qZIZn+7f3ue65p0U8MbtMTSE5Gs=;03;부산사상바8148;;0;0;11;;;8602121360314;1;20220420163358;;03;1;부산사상바8148;20220824;;;;M2022609625700000;20220830;;5802;003;;
V3300000067;손영식;01099614727;7307101006035;1;;QwSEtJLIN3AStascebGewgY4RCylO0ACgSFtNBP2gAI=;03;경남김해사2852;;0;0;11;;;7307101006035;1;20220420180309;;03;1;경남김해사2852;20220824;;;;M2022609625700000;20220830;;5802;003;;
V3300000068;고경진;01091807454;9307201865534;1;;tVFFBsx/3gW/2VmI49EXKh44VHeo5vb+xwayg6tYQKA=;03;경남창원아8342;;0;0;11;;;9307201865534;1;20220420185319;;03;1;경남창원아8342;20220824;;;;M2022609625700000;20220830;;5802;003;;
V3300000071;김태완;01083143697;9205141409614;1;;bjVywGveWVbxHj+LsFGxWFW1itLWB1qDFL8MSzggkDI=;03;대전유성아8063;;0;0;11;;;9205141409614;1;20220420201714;;03;1;대전유성아8063;20220824;;;;M2022609625700000;20220830;;5802;003;;
V3300000072;신현규;01050077785;8201051807915;1;;he7k0SfldLpvW5XKUHZ9R2Thq5JbqGsHLpwiyjtbayk=;03;경북구미바1701;;0;0;11;;;8201051807915;1;20220420203839;;03;1;경북구미바1701;20220824;;;;M2022609625700000;20220830;;5802;003;;
V3300000074;이상걸;01076237660;8802051395017;1;;pKPcYpBQ0mBOD0oofkXp5slu1yQnl5+C36FIfuB31c8=;03;경기수원차0984;;0;0;11;;;8802051395017;1;20220421091317;;03;1;경기수원차0984;20220824;;;;M2022609625700000;20220830;;5802;003;;
V3300000075;김현석;01077494568;8203121697124;1;;wMdWt3yvk1CjsC7nnw7tJBhr97cil7WK1/qIoQEKX6c=;03;경북경산아6824;;0;0;11;;;8203121697124;1;20220421101805;;03;1;경북경산아6824;20220824;;;;M2022609625700000;20220830;;5802;003;;
V3300000077;서동진;01058365883;8811051110130;1;;gzBW9SjoSVglDDGyJgv4dKGRBticpQeGHUxcR8SyqjM=;03;경남양산라6754;;0;0;11;;;8811051110130;1;20220421124039;;03;1;경남양산라6754;20220824;;;;M2022609625700000;20220830;;5802;003;;
V3300000078;김태영;01095226062;9211131173710;1;;Yk3cmWlXAVyfFyVt26HmEs+4OvTtQzJQkn/L2WDJtjw=;03;경기양주다7538;;0;0;11;;;9211131173710;1;20220421152732;;03;1;경기양주다7538;20220824;;;;M2022609625700000;20220830;;5802;003;;
V3300000079;조석범;01055155165;9406211188717;1;;sGABfEd8zRuDOu3vIEhAVeHtTOz9S02nnEuHwPOrbe4=;03;인천부평자1761;;0;0;11;;;9406211188717;1;20220421153036;;03;1;인천부평자1761;20220824;;;;M2022609625700000;20220830;;5802;003;;
V3300000080;장현재;01056629336;9607201902111;1;;sm9Z8T55WeIX8BCRQgu6sVs7S2mcXDFSWsPAa7f8/CY=;03;부산기장라5245;;0;0;11;;;9607201902111;1;20220421154347;;03;1;부산기장라5245;20220824;;;;M2022609625700000;20220830;;5802;003;;
V3300000081;황선정;01077417450;9210301351117;1;;aHBzjqxJYq1ADUNJjz2NT9C1hMSKf267tb4pd4D5URA=;03;경기안양마9350;;0;0;11;;;9210301351117;1;20220421161027;;03;1;경기안양마9350;20220824;;;;M2022609625700000;20220830;;5802;003;;
V3300000082;김종옥;01089478477;8006291472429;1;;uRXmijSQ1oB861vD6FcEmIOONSjoGEJ1Ksun0tQQ0+4=;03;충남서산바5250;;0;0;11;;;8006291472429;1;20220421171447;;03;1;충남서산바5250;20220824;;;;M2022609625700000;20220830;;5802;003;;
V3300000083;조영길;01035706886;7512151929512;1;;NldLKSV8Kotj4Iye/N6Ecj55NA2ozj6rntcqPv+bRZE=;03;경남김해사1604;;0;0;11;;;7512151929512;1;20220421173030;;03;1;경남김해사1604;20220824;;;;M2022609625700000;20220830;;5802;003;;
V3300000084;김성봉;01043675557;8310161865211;1;;KLpFfi8uXawWmHA2JLiObUVUcxAY20bBeDjlS7WBVMM=;03;경북포항차9740;;0;0;11;;;8310161865211;1;20220421183641;;03;1;경북포항차9740;20220824;;;;M2022609625700000;20220830;;5802;003;;
V3300000085;고영빈;01047724790;9311291241812;1;;HufZDUA8qX/+z4GJ/WFy8LcyLYyQah3rwpWROLMDolA=;03;경남김해사4835;;0;0;11;;;9311291241812;1;20220421194615;;03;1;경남김해사4835;20220824;;;;M2022609625700000;20220830;;5802;003;;
V3300000086;강정한;01024497285;9611081693216;1;;YyVR7cFgSrVg6Y0mjdPl4xJ3h6pFUBdOpvrPRb8xa6A=;03;경남창원바8509;;0;0;11;;;9611081693216;1;20220421204826;;03;1;경남창원바8509;20220824;;;;M2022609625700000;20220830;;5802;003;;
V3300000087;안도선;01031122514;9101281483114;1;;ICURkVfs5AF2ecejgOlAc/Ni7x44Krd9bR9CXzuCqfo=;03;전북전주차3752;;0;0;11;;;9101281483114;1;20220422103908;;03;1;전북전주차3752;20220824;;;;M2022609625700000;20220830;;5802;003;;
V3300000088;이정욱;01040649804;9203051777910;1;;aFZeagomP1OCm9yMLBHamX9PE2KmQ+PDdMHOBhfrdWU=;03;충남서산바4483;;0;0;11;;;9203051777910;1;20220422114314;;03;1;충남서산바4483;20220824;;;;M2022609625700000;20220830;;5802;003;;
V3300000089;정창훈;01042245727;7910261168915;1;;z3a8UEUaMglGl0+3wmxvyLNNKREoGTcN7pxr2Es0gl8=;03;경기의왕나9018;;0;0;11;;;7910261168915;1;20220422122848;;03;1;경기의왕나9018;20220824;;;;M2022609625700000;20220830;;5802;003;;
V3300000090;박대영;01090190145;9705131115012;1;;OnIa1pt56SRih0yHjCMQEhjluYbwvhzQhJ3AM5JXPoU=;03;부산남차2593;;0;0;11;;;9705131115012;1;20220422125233;;03;1;부산남차2593;20220824;;;;M2022609625700000;20220830;;5802;003;;
V3300000091;하현수;01045898906;8205141914211;1;;+HEugyAVE8BJohpDJYDAiipGe8/kACgkfc3wZjYSe/4=;03;경남고성가9600;;0;0;11;;;8205141914211;1;20220422134335;;03;1;경남고성가9600;20220824;;;;M2022609625700000;20220830;;5802;003;;
V3300000093;김태웅;01026154017;8905171167713;1;;/DJpQkn1hFURiFTkccFomEE3LnQCpupWJbov3ryitOk=;03;경북포항나0341;;0;0;11;;;8905171167713;1;20220422152350;;03;1;경북포항나0341;20220824;;;;M2022609625700000;20220830;;5802;003;;
V3300000094;최인권;01094101430;7706301664418;1;;GV4muxxWM29wJkb/6VBs5YJ7TS2CXRl64nRgK2V6SLU=;03;경남김해사5148;;0;0;11;;;7706301664418;1;20220422160131;;03;1;경남김해사5148;20220824;;;;M2022609625700000;20220830;;5802;003;;
V3300000096;전정식;01045534995;7902121927317;1;;TwnYOiMbs7CosFlFLSH3msQMgFxlVHnAHhGbDMe8ps8=;03;충북진천바2971;;0;0;11;;;7902121927317;1;20220422163336;;03;1;충북진천바2971;20220824;;;;M2022609625700000;20220830;;5802;003;;
V3300000100;이동호;01031695082;9707211095516;1;;q5oofAg/vWerKkCuN3F5itM5r8F0OPqlWXapCQzCsII=;03;경남김해사4284;;0;0;11;;;9707211095516;1;20220422195333;;03;1;경남김해사4284;20220824;;;;M2022609625700000;20220830;;5802;003;;
V3300000102;변용환;01051668273;7512071121310;1;;azXSzPq5/740uKQB+esMHx1yDrNjstDOBOC/ggjxs9M=;03;부산기장라5092;;0;0;11;;;7512071121310;1;20220423093628;;03;1;부산기장라5092;20220824;;;;M2022609625700000;20220830;;5802;003;;
V3300000104;황진규;01040556986;9511211865931;1;;HgIZsaaDbhBrXTKG75mB//Ug+uOOVWY8d/IcYVE8T04=;03;경남김해사5001;;0;0;11;;;9511211865931;1;20220423162653;;03;1;경남김해사5001;20220824;;;;M2022609625700000;20220830;;5802;003;;
V3300000105;주무결;01041876840;8903311914225;1;;QGiVmZjoxQi2NduKB/Mg0U1zzOrb2hB6mEhj/x/3IDY=;03;경남거제라3415;;0;0;11;;;8903311914225;1;20220423200655;;03;1;경남거제라3415;20220824;;;;M2022609625700000;20220830;;5802;003;;
V3300000106;이태훈;01074205085;9603221123115;1;;6z/3qMl1o9RNG4x48eDDMaRBprz4KtJf/Ij6otuXDl8=;03;경남김해사3942;;0;0;11;;;9603221123115;1;20220423202644;;03;1;경남김해사3942;20220824;;;;M2022609625700000;20220830;;5802;003;;
V3300000107;조태영;01022148615;9208051094311;1;;UzBnBQxBL0LYk/7b1WiO0AYrmarmZrAqDzPNypDWr1Q=;03;부산기장라5050;;0;0;11;;;9208051094311;1;20220423205337;;03;1;부산기장라5050;20220824;;;;M2022609625700000;20220830;;5802;003;;
V3300000108;최병호;01094014004;8208301722319;1;;TmW4HNTbUv9nG/WauUkCGYkSkWS+G8aknul9aWKpFRg=;03;경북구미사7070;;0;0;11;;;8208301722319;1;20220424083657;;03;1;경북구미사7070;20220824;;;;M2022609625700000;20220830;;5802;003;;
V3300000110;민찬기;01054467451;8301181069010;1;;+xPvpX8aQpFmI83d86SvVPk8BgOSK0L7Znxy1mM4WjY=;03;경기안양사9114;;0;0;11;;;8301181069010;1;20220424142520;;03;1;경기안양사9114;20220824;;;;M2022609625700000;20220830;;5802;003;;
V3300000111;김강민;01077994220;9606151709811;1;;5zcytKRw3ym1bRTFMyxRd1+1i8R7OykIjV3OzT9a37U=;03;경북경산아6638;;0;0;11;;;9606151709811;1;20220424173613;;03;1;경북경산아6638;20220824;;;;M2022609625700000;20220830;;5802;003;;
V3300000113;구현준;01045461655;9603051009711;1;;Y0QC0bdQNbZjcytKouPyczJfdM8zp0ykgjHhmMMjD3E=;03;경북경산카3973;;0;0;11;;;9603051009711;1;20220424201942;;03;1;경북경산카3973;20220824;;;;M2022609625700000;20220830;;5802;003;;
V3300000114;백리수;01091567119;8809211110719;1;;Rmrjg/A5eyx9DWwxm3BQI2gy27KUH0Vo6HC5mT7//0E=;03;부산기장라5127;;0;0;11;;;8809211110719;1;20220425074106;;03;1;부산기장라5127;20220824;;;;M2022609625700000;20220830;;5802;003;;
V3300000116;최상민;01024161343;8605181328115;1;;ElohuKlvf9g0OJsmtmfCWAo9gJUoskFCHZnFO9sqlCA=;03;경기양주다6667;;0;0;11;;;8605181328115;1;20220425105234;;03;1;경기양주다6667;20220824;;;;M2022609625700000;20220830;;5802;003;;
V3300000117;김성지;01089498489;8809091258914;1;;dGXQXi1ac659U8F82OenswsYOyGu7BCCI4KbjZxGtUI=;03;인천연수다5833;;0;0;11;;;8809091258914;1;20220425110918;;03;1;인천연수다5833;20220824;;;;M2022609625700000;20220830;;5802;003;;
V3300000118;서봉규;01067495253;7009201785511;1;;d+z67eFQ/XiKB0tKTSlLTuCvQzAUsgLc2Uk8od49FVc=;03;경북경산다7625;;0;0;11;;;7009201785511;1;20220425110959;;03;1;경북경산다7625;20220824;;;;M2022609625700000;20220830;;5802;003;;
V3300000119;이욱두;01084152439;7202181119619;1;;SFxWVxUq9AwaifqkaFlMhiCxMhOn2jhgShmYAFLVsNQ=;03;경남거제카0413;;0;0;11;;;7202181119619;1;20220425112523;;03;1;경남거제카0413;20220824;;;;M2022609625700000;20220830;;5802;003;;
V3300000120;이영웅;01057883020;9503131094814;1;;Z+KjDQZkvRpNQ036BZhZGc09O+IHSR+phPxg8R6tUFg=;03;경북경산다7498;;0;0;11;;;9503131094814;1;20220425113031;;03;1;경북경산다7498;20220824;;;;M2022609625700000;20220830;;5802;003;;
V3300000121;정진국;01092675734;6903181094614;1;;ODKecQRMZ88RWy5BhpDT7EXGUA+0aiJ/9xMuvGCdZoM=;03;경남양산나4193;;0;0;11;;;6903181094614;1;20220425132042;;03;1;경남양산나4193;20220824;;;;M2022609625700000;20220830;;5802;003;;
V3300000122;우창화;01064139983;9007121865813;1;;VEXKIxrQcGUicKIIDiKD34HgE6It0m5/5z1+nQxwAss=;03;경남양산나4870;;0;0;11;;;9007121865813;1;20220425134847;;03;1;경남양산나4870;20220824;;;;M2022609625700000;20220830;;5802;003;;
V3300000124;백승민;01082535131;7312241929519;1;;QwgvJgsY2NcxTiQED0kEXLIeVJtwzOwsYNF8kjgdlqw=;03;경북경산차0464;;0;0;11;;;7312241929519;1;20220425164146;;03;1;경북경산차0464;20220824;;;;M2022609625700000;20220830;;5802;003;;
V3300000125;김동률;01093478410;9603071907015;1;;3CFdpPhnnAKt51wNe6eYhBoucqaxHjy6jnyzdJA/6B4=;03;경남김해사5092;;0;0;11;;;9603071907015;1;20220425164252;;03;1;경남김해사5092;20220824;;;;M2022609625700000;20220830;;5802;003;;
V3300000126;김봉희;01097909696;7511091454911;1;;KWJ3Ht4pUepVWJFdNV6uS/ZQHLzsqDUbtfAhrZHQh2U=;03;제주서귀포사3484;;0;0;11;;;7511091454911;1;20220425165915;;03;1;제주서귀포사3484;20220824;;;;M2022609625700000;20220830;;5802;003;;
V3300000127;곽동우;01025223375;7105221683522;1;;XbGuAAzsvQCl/iJCkgtGgKz+KykkeTfhUQGpVFQSg3Q=;03;경북경산차0451;;0;0;11;;;7105221683522;1;20220425171531;;03;1;경북경산차0451;20220824;;;;M2022609625700000;20220830;;5802;003;;
V3300000130;이호림;01082766775;9602111677313;1;;bg8NnkmcW7rWEURcTnH7/UwHbq2tWmkoUNf6NXA2ObI=;03;경북경산아6840;;0;0;11;;;9602111677313;1;20220425222121;;03;1;경북경산아6840;20220824;;;;M2022609625700000;20220830;;5802;003;;
V3300000131;문창주;01064748079;7511141953813;1;;+a/14a2E0zihdUsC/i4QakmdRcBNetHv/naEBmhIWcs=;03;포항차7203;;0;0;11;;;7511141953813;1;20220426093416;;03;1;포항차7203;20220824;;;;M2022609625700000;20220830;;5802;003;;
V3300000132;문정혜;01058432285;7702152648426;1;;/OpH4fmY6ZgllwsRlbqUAbL44dkuQ6HKtYH5N6XHjWk=;03;인천부평아9033;;0;0;11;;;7702152648426;1;20220426111321;;03;1;인천부평아9033;20220824;;;;M2022609625700000;20220830;;5802;003;;
V3300000133;김도훈;01083005563;9303111830621;1;;e+fVamu48jBWglhlJzKju20jtSMNy+guIprDb57rFp4=;03;경남김해사4638;;0;0;11;;;9303111830621;1;20220426112219;;03;1;경남김해사4638;20220824;;;;M2022609625700000;20220830;;5802;003;;
V3300000134;문영욱;01056481008;7802041565628;1;;6SyhnS2AwlYE0hyjQeHv48NBnrchh2rDAhB/1nubRMM=;03;전남목포마9306;;0;0;11;;;7802041565628;1;20220426112931;;03;1;전남목포마9306;20220824;;;;M2022609625700000;20220830;;5802;003;;
V3300000135;김근호;01082312714;7712271674518;1;;DI7+pEpoz8J3isJQ2hRjC1iJeaeh+Ki4NXP6X21gjjc=;03;제주서귀포사3485;;0;0;11;;;7712271674518;1;20220426121737;;03;1;제주서귀포사3485;20220824;;;;M2022609625700000;20220830;;5802;003;;
V3300000136;윤재영;01063429001;7701161462137;1;;G+567nM8ntqD+jkLKi29CF5T3OpR1mhGTJxO5YEnYtA=;03;서울금천차2629;;0;0;11;;;7701161462137;1;20220426123603;;03;1;서울금천차2629;20220824;;;;M2022609625700000;20220830;;5802;003;;
V3300000138;김길현;01058493895;9308051185212;1;;LeqOmS9E2+csOI3ZfR19csBexIAMUVHCx1G/kBAKpjE=;03;경기부천다0375;;0;0;11;;;9308051185212;1;20220426152210;;03;1;경기부천다0375;20220824;;;;M2022609625700000;20220830;;5802;003;;
V3300000139;이주환;01050336863;8005271114522;1;;Ux52wWZr+xI2DqkaRC9bN5Xg0jQw9PyZ5o7IO0JyYhk=;03;대전서라0335;;0;0;11;;;8005271114522;1;20220426170757;;03;1;대전서라0335;20220824;;;;M2022609625700000;20220830;;5802;003;;
V3300000140;여범구;01089568655;8910171352134;1;;5ej3raVC3l+foBnbj/c9kYJ9ss01n9CrU3Jooo6IAHc=;03;대전유성차1281;;0;0;11;;;8910171352134;1;20220426173046;;03;1;대전유성차1281;20220824;;;;M2022609625700000;20220830;;5802;003;;
V3300000141;이진성;01053095070;9306011908218;1;;DDzl4LWxB41m6BNLhi/EzDhQOg6oJwy2ie+OB5iuKAE=;03;경남창원아8344;;0;0;11;;;9306011908218;1;20220426180252;;03;1;경남창원아8344;20220824;;;;M2022609625700000;20220830;;5802;003;;
V3300000142;최유리;01055546895;9711272234116;1;;in16NNzcjWhFvqRGIlKuNITR5LtkXGh+lM6rrhWsJUE=;03;부산사상바8608;;0;0;11;;;9711272234116;1;20220426182040;;03;1;부산사상바8608;20220824;;;;M2022609625700000;20220830;;5802;003;;
